public static final int[] letterK = {1,0,0,0,1,1,0,0,1,0,1,0,1,0,0,1,1,0,0,0,1,0,1,0,0,1,0,0,1,0,1,0,0,0,1};
    public static final int[] letterL = {1,0,0,0,0,1,0,0,0,0,1,0,0,0,0,1,0,0,0,0,1,0,0,0,0,1,0,0,0,0,1,1,1,1,1};
    public static final int[] letterM = {1,0,0,0,1,1,1,0,1,1,1,0,1,0,1,1,0,0,0,1,1,0,0,0,1,1,0,0,0,1,1,0,0,0,1};
    public static final int[] letterN = {1,0,0,0,1,1,0,0,0,1,1,1,0,0,1,1,0,1,0,1,1,0,0,1,1,1,0,0,0,1,1,0,0,0,1};
    public static final int[] letterO = {0,1,1,1,0,1,0,0,0,1,1,0,0,0,1,1,0,0,0,1,1,0,0,0,1,1,0,0,0,1,0,1,1,1,0};
    public static final int[] letterP = {1,1,1,1,0,1,0,0,0,1,1,0,0,0,1,1,1,1,1,0,1,0,0,0,0,1,0,0,0,0,1,0,0,0,0};
    public static final int[] letterQ = {0,1,1,1,0,1,0,0,0,1,1,0,0,0,1,1,0,0,0,1,1,0,1,0,1,1,0,0,1,1,0,1,1,1,1};
    public static final int[] letterR = {1,1,1,1,0,1,0,0,0,1,1,0,0,0,1,1,1,1,1,0,1,0,1,0,0,1,0,0,1,0,1,0,0,0,1};
    public static final int[] letterS = {0,1,1,1,0,1,0,0,0,1,1,0,0,0,0,0,1,1,1,0,0,0,0,0,1,1,0,0,0,1,0,1,1,1,0};
    public static final int[] letterT = {1,1,1,1,1,0,0,1,0,0,0,0,1,0,0,0,0,1,0,0,0,0,1,0,0,0,0,1,0,0,0,0,1,0,0};
    public static final int[] letterU = {1,0,0,0,1,1,0,0,0,1,1,0,0,0,1,1,0,0,0,1,1,0,0,0,1,1,0,0,0,1,0,1,1,1,0};
    public static final int[] letterV = {1,0,0,0,1,1,0,0,0,1,1,0,0,0,1,1,0,0,0,1,1,0,0,0,1,0,1,0,1,0,0,0,1,0,0};
    public static final int[] letterW = {1,0,0,0,1,1,0,0,0,1,1,0,0,0,1,1,0,0,0,1,1,0,1,0,1,1,0,1,0,1,0,1,0,1,0};
    public static final int[] letterX = {1,0,0,0,1,1,0,0,0,1,0,1,0,1,0,0,0,1,0,0,0,1,0,1,0,1,0,0,0,1,1,0,0,0,1};
    public static final int[] letterY = {1,0,0,0,1,1,0,0,0,1,0,1,0,1,0,0,0,1,0,0,0,0,1,0,0,0,0,1,0,0,0,0,1,0,0};
    public static final int[] letterZ = {1,1,1,1,1,0,0,0,0,1,0,0,0,1,0,0,0,1,0,0,0,1,0,0,0,1,0,0,0,0,1,1,1,1,1};

